   1 0.000000
   2 0.000000
   3 -0.000008
   4 -0.000008
   5 -0.000008
   6 -0.000132
   7 -0.000186
   8 -0.000186
   9 -0.000249
  10 -0.000321
  11 -0.000528
  12 -0.000626
  13 -0.001045
  14 -0.001723
  15 -0.001723
  16 -0.001937
  17 -0.001937
  18 -0.002153
  19 -0.002153
  20 -0.002568
  21 -0.002568
  22 -0.003031
  23 -0.003031
  24 -0.004951
  25 -0.005307
  26 -0.005307
  27 -0.007854
  28 -0.009478
  29 -0.009881
  30 -0.010305
  31 -0.013068
  32 -0.014393
  33 -0.014899
  34 -0.014899
  35 -0.016917
  36 -0.018836
  37 -0.018836
  38 -0.019409
  39 -0.022143
  40 -0.022757
  41 -0.020211
  42 -0.020935
  43 -0.020935
  44 -0.019367
  45 -0.016588
  46 -0.000854
  47 -0.001644
  48 -0.001644
  49 -0.001644
  50 -0.001644
  51 -0.001644
  52 -0.001644
  53 -0.001644
  54 -0.002447
  55 -0.002447
  56 0.002851
  57 0.002851
  58 0.001996
  59 0.007180
  60 0.012504
  61 0.025738
  62 0.025738
  63 0.041873
  64 0.040951
  65 0.044890
  66 0.047801
  67 0.058887
  68 0.063687
  69 0.062806
  70 0.073364
  71 0.078896
  72 0.078896
  73 0.083661
  74 0.095413
  75 0.094293
  76 0.094293
  77 0.094293
  78 0.094293
  79 0.108859
  80 0.112223
  81 0.110684
  82 0.120187
  83 0.129489
  84 0.123696
  85 0.131893
  86 0.137580
  87 0.137580
  88 0.145531
  89 0.153906
  90 0.153906
  91 0.167573
  92 0.167573
  93 0.167573
  94 0.166215
  95 0.166215
  96 0.166215
  97 0.175437
  98 0.179929
  99 0.184385
 100 0.205258
 101 0.209942
 102 0.210555
 103 0.224821
 104 0.266791
 105 0.265152
 106 0.261389
 107 0.277042
 108 0.294995
 109 0.299383
 110 0.296967
 111 0.312019
 112 0.329671
 113 0.334043
 114 0.334043
 115 0.334043
 116 0.337134
 117 0.337134
 118 0.337134
 119 0.337134
 120 0.337134
 121 0.342187
 122 0.352668
 123 0.357267
 124 0.361427
 125 0.366191
 126 0.370578
 127 0.383665
 128 0.392630
 129 0.402618
 130 0.411298
 131 0.419618
 132 0.436337
 133 0.436337
 134 0.436337
 135 0.440196
 136 0.445154
 137 0.445154
 138 0.445154
 139 0.459135
 140 0.459135
 141 0.459135
 142 0.459135
 143 0.459135
 144 0.459135
 145 0.459135
 146 0.459135
 147 0.459135
 148 0.451103
 149 0.448501
 150 0.448501
 151 0.440931
 152 0.434741
 153 0.428168
 154 0.428168
 155 0.421772
 156 0.415885
 157 0.415885
 158 0.411108
 159 0.408849
 160 0.403801
 161 0.403801
 162 0.401468
 163 0.398989
 164 0.391314
 165 0.388947
 166 0.375645
 167 0.369593
 168 0.359025
 169 0.347138
 170 0.326587
 171 0.314963
 172 0.306760
 173 0.292913
 174 0.278925
 175 0.278925
 176 0.278925
 177 0.267495
 178 0.253149
 179 0.253149
 180 0.249921
 181 0.234575
 182 0.228698
 183 0.225760
 184 0.216545
 185 0.216545
 186 0.212399
 187 0.208740
 188 0.202769
 189 0.202769
 190 0.202769
 191 0.205726
 192 0.211850
 193 0.211850
 194 0.211850
 195 0.207968
 196 0.204751
 197 0.201512
 198 0.197765
 199 0.191424
 200 0.199409
 201 0.210217
 202 0.213140
 203 0.205989
 204 0.207071
 205 0.204825
 206 0.168891
 207 0.145460
 208 0.136598
 209 0.135732
 210 0.119822
 211 0.104324
 212 0.104624
 213 0.106630
 214 0.100947
 215 0.100947
 216 0.107226
 217 0.107226
 218 0.101066
 219 0.103008
 220 0.106896
 221 0.104280
 222 0.096482
 223 0.100172
 224 0.107311
 225 0.099918
 226 0.091458
 227 0.095039
 228 0.094277
 229 0.091015
 230 0.090074
 231 0.094918
 232 0.094918
 233 0.098123
 234 0.099667
 235 0.096870
 236 0.100050
 237 0.088108
 238 0.085361
 239 0.090180
 240 0.086704
 241 0.066638
 242 0.064306
 243 0.067251
 244 0.035991
 245 0.027691
 246 0.022808
 247 0.018453
 248 0.001423
 249 0.001196
 250 -0.004074
 251 -0.001546
 252 -0.019456
 253 -0.017465
 254 -0.016482
 255 -0.014379
 256 -0.013713
 257 -0.013713
 258 -0.018167
 259 -0.016905
 260 -0.016905
 261 -0.022099
 262 -0.021496
 263 -0.020007
 264 -0.017342
 265 -0.016183
 266 -0.014886
 267 -0.014184
 268 -0.011355
 269 -0.009801
 270 -0.007537
 271 -0.004781
 272 -0.003632
 273 -0.002458
 274 -0.001843
 275 -0.000876
 276 -0.000545
 277 -0.000208
 278 -0.000152
 279 -0.000022
 280 -0.000007
 281 0.000000
 282 0.000000
 283 0.000000
