   1 0.000000
   2 0.000000
   3 0.000000
   4 0.000000
   5 0.000000
   6 0.000000
   7 0.000000
   8 0.000000
   9 0.000000
  10 0.000000
  11 0.000000
  12 0.000000
  13 0.000000
  14 0.000000
  15 0.000000
  16 0.000000
  17 0.000000
  18 0.000000
  19 0.000000
  20 0.000000
  21 0.000000
  22 0.000000
  23 0.000000
  24 -0.000000
  25 -0.000002
  26 -0.000020
  27 -0.000045
  28 -0.000119
  29 -0.000209
  30 -0.000367
  31 -0.000504
  32 -0.000708
  33 -0.000923
  34 -0.001098
  35 -0.001283
  36 -0.001374
  37 -0.001730
  38 -0.000119
  39 0.001293
  40 0.006130
  41 0.005516
  42 0.008623
  43 0.013887
  44 0.019011
  45 0.023765
  46 0.023461
  47 0.024473
  48 0.030288
  49 0.029931
  50 0.034640
  51 0.034595
  52 0.033921
  53 0.033987
  54 0.031614
  55 0.032099
  56 0.029878
  57 0.029938
  58 0.029223
  59 0.026139
  60 0.031872
  61 0.029968
  62 0.028821
  63 0.036184
  64 0.047248
  65 0.054823
  66 0.059766
  67 0.070381
  68 0.074859
  69 0.092532
  70 0.098062
  71 0.105170
  72 0.103979
  73 0.105069
  74 0.114910
  75 0.122710
  76 0.132788
  77 0.133184
  78 0.140353
  79 0.145157
  80 0.147943
  81 0.149084
  82 0.149281
  83 0.154133
  84 0.158086
  85 0.161076
  86 0.165422
  87 0.166134
  88 0.168191
  89 0.168749
  90 0.181202
  91 0.181522
  92 0.187370
  93 0.191047
  94 0.206897
  95 0.208247
  96 0.214615
  97 0.220328
  98 0.227096
  99 0.228575
 100 0.235943
 101 0.240556
 102 0.245002
 103 0.244506
 104 0.241325
 105 0.244579
 106 0.249101
 107 0.252475
 108 0.253609
 109 0.251777
 110 0.254802
 111 0.258442
 112 0.264696
 113 0.269235
 114 0.270145
 115 0.273418
 116 0.277629
 117 0.277117
 118 0.277546
 119 0.284440
 120 0.285593
 121 0.285593
 122 0.286669
 123 0.282921
 124 0.286711
 125 0.290407
 126 0.292694
 127 0.297180
 128 0.305947
 129 0.310277
 130 0.315291
 131 0.315291
 132 0.316315
 133 0.317326
 134 0.316056
 135 0.317217
 136 0.316780
 137 0.321709
 138 0.322673
 139 0.328483
 140 0.328852
 141 0.334810
 142 0.333438
 143 0.338843
 144 0.341016
 145 0.340503
 146 0.342550
 147 0.344396
 148 0.347429
 149 0.348367
 150 0.353823
 151 0.354480
 152 0.353845
 153 0.352824
 154 0.357228
 155 0.358370
 156 0.357818
 157 0.352795
 158 0.346764
 159 0.336299
 160 0.327412
 161 0.318409
 162 0.305161
 163 0.294357
 164 0.289134
 165 0.282374
 166 0.275542
 167 0.272567
 168 0.271941
 169 0.264275
 170 0.251676
 171 0.250778
 172 0.246608
 173 0.239949
 174 0.235720
 175 0.230464
 176 0.224512
 177 0.219978
 178 0.210632
 179 0.208648
 180 0.204974
 181 0.197312
 182 0.190063
 183 0.187090
 184 0.174538
 185 0.168763
 186 0.159975
 187 0.158091
 188 0.148769
 189 0.142743
 190 0.135629
 191 0.131141
 192 0.126551
 193 0.120726
 194 0.124215
 195 0.123068
 196 0.124968
 197 0.124350
 198 0.125713
 199 0.127979
 200 0.127117
 201 0.125788
 202 0.122791
 203 0.126314
 204 0.128504
 205 0.127944
 206 0.129210
 207 0.130290
 208 0.131507
 209 0.125776
 210 0.120995
 211 0.118348
 212 0.118348
 213 0.118348
 214 0.118044
 215 0.118044
 216 0.118522
 217 0.117624
 218 0.116820
 219 0.114581
 220 0.111900
 221 0.109272
 222 0.110568
 223 0.112345
 224 0.116914
 225 0.120577
 226 0.117182
 227 0.119082
 228 0.115296
 229 0.114211
 230 0.101466
 231 0.098945
 232 0.083958
 233 0.080601
 234 0.081840
 235 0.080075
 236 0.081521
 237 0.075240
 238 0.073912
 239 0.070610
 240 0.056972
 241 0.055883
 242 0.057424
 243 0.051785
 244 0.041939
 245 0.039964
 246 0.038466
 247 0.029351
 248 0.029535
 249 0.026580
 250 0.024851
 251 0.014460
 252 0.010071
 253 0.008194
 254 0.009992
 255 0.010385
 256 0.010573
 257 0.009880
 258 0.006297
 259 0.000599
 260 0.001501
 261 -0.003800
 262 -0.002892
 263 -0.002713
 264 -0.002012
 265 -0.003170
 266 -0.002682
 267 -0.002305
 268 -0.002056
 269 -0.002056
 270 -0.001878
 271 -0.001418
 272 -0.001172
 273 -0.001003
 274 -0.000588
 275 -0.000207
 276 -0.000146
 277 -0.000076
 278 -0.000028
 279 -0.000010
 280 -0.000010
 281 -0.000010
 282 -0.000002
 283 0.000000
